%YAML:1.0
---
type: IMU
name: my
Gyr:
   unit: " rad/s"
   avg-axis:
      gyr_n: 2.0953877119978270e-01
      gyr_w: 9.1066956888183543e-04
   x-axis:
      gyr_n: 2.0444874965775275e-01
      gyr_w: 6.8468434206845686e-04
   y-axis:
      gyr_n: 2.1145997810515862e-01
      gyr_w: 1.0622659267394978e-03
   z-axis:
      gyr_n: 2.1270758583643673e-01
      gyr_w: 9.8505843783755140e-04
Acc:
   unit: " m/s^2"
   avg-axis:
      acc_n: 2.6721909383502923e-01
      acc_w: 3.6157677976775119e-03
   x-axis:
      acc_n: 2.6808046458545720e-01
      acc_w: 3.4756079524495848e-03
   y-axis:
      acc_n: 2.6524487270897440e-01
      acc_w: 3.9822337038829952e-03
   z-axis:
      acc_n: 2.6833194421065626e-01
      acc_w: 3.3894617366999565e-03
